86
6418
1676
4060
4194
4115
4748
3927
623
3068
2516
2722
888
140
1179
1597
1077
423
724
364
78
185
28
15
1
11
1
89
182
387
434
178
130
1343
1528
1773
3056
316
4001
3377
1853
3214
2810
4150
4397
4407
3478
2499
4875
7583
4441
7036
5421
3318
1379
340
6919
7812
1307
2024
1070
2824
3334
1762
5708
5563
6616
4796
5231
5346
311
804
390
2179
2928
2296
2070
2026
1249
487
861
685
436
373
25
89
17
1
6
33
138
140
392
554
235
1457
644
1623
769
2423
786
1397
4256
1533
2782
2139
4270
1731
6423
2376
1636
1833
6325
8260
1208
7855
3540
3450
2430
6121
6952
8708
5942
9406
1539
7321
8346
4235
4186
6611
6418
4900
5222
4668
3468
1625
3361
1189
736
838
596
123
774
1106
808
382
155
66
57
14
1
11
20
43
134
219
569
1116
760
1536
1034
1115
568
1112
3661
4024
1499
1859
1146
1053
4550
642
1792
1353
462
7384
4165
966
7484
787
7542
3339
466
5648
1442
38
5169
7144
5006
300
4685
18
527
5179
6077
5654
1299
1128
1210
227
65
2775
369
530
1256
276
65
120
510
285
160
24
11
2
37
122
244
198
242
455
138
906
959
434
2684
1381
462
754
1324
133
1342
1850
3823
2690
1321
2174
1709
7617
506
1245
3179
8986
4510
1296
8332
9815
7040
7340
4061
620
2074
1466
5344
2782
2676
4150
2697
651
2233
3628
623
2697
2356
1134
1844
1033
1266
1413
375
679
443
124
181
8
1
4
1
38
118
25
204
14
888
899
1671
477
2192
1135
3284
1001
3020
3547
2697
5426
363
821
2420
5056
7638
2058
8346
4836
4549
4997
2050
1253
5622
8729
8416
3526
5798
2517
98
4366
8302
46
2787
6326
2848
2116
4528
4196
3605
1058
2797
2820
1142
2839
57
1873
1417
1262
79
690
59
263
15
16
4
6
21
5
272
169
387
441
1330
843
1872
2540
1293
789
2814
467
2205
1933
4977
5043
6670
6324
2599
6714
3958
3672
3938
5525
3253
5186
8998
7684
1079
2194
7855
5695
1711
8728
5782
1252
3516
4122
5866
6088
2523
2999
3382
4313
2237
1809
904
1437
2604
1373
1766
611
1232
301
402
421
219
63
28
1
6
13
35
193
53
662
357
736
1740
204
2620
1045
2037
879
3603
217
1535
205
747
1375
4514
52
1771
1979
8607
7546
7809
7862
9468
5498
4053
3291
7094
2152
8493
4210
6213
7502
5122
2227
7358
1646
4300
876
2684
2265
4190
3331
287
3411
1751
1864
1315
1453
831
632
513
229
396
41
59
1
1
21
23
4
133
324
727
1081
1208
1441
343
127
1699
2132
336
1603
4782
842
5541
3157
3255
814
1889
5300
2367
4055
29
2381
6085
1896
2671
7671
947
1393
7693
4250
2993
5808
3326
1052
269
1235
6007
1437
2478
5380
1042
1585
3075
382
2851
412
2244
1495
1420
163
855
343
583
141
124
24
3
1
2
63
185
414
122
702
906
1336
1803
1292
171
999
1618
1043
2914
547
5566
279
5814
5800
5370
2201
4675
4006
6170
5158
4503
8927
4469
2508
6117
1272
8078
3731
1131
6037
7269
7703
4253
5919
3238
1419
4607
3138
449
5048
1122
230
3859
338
1526
1750
809
1235
1084
748
196
130
207
129
36
11
1
39
113
155
261
449
75
897
21
254
1290
1931
2028
2310
2542
2250
1555
3208
3548
5355
6205
4371
3914
5282
7866
3340
4663
4808
650
6155
9872
5283
5593
8513
7272
7430
4864
7514
1002
4511
7724
5012
1494
1322
1626
2552
3589
2697
4360
3390
3365
1436
178
206
1278
1312
481
182
53
52
81
6
3
4
51
106
138
51
119
583
355
1253
1784
1174
2751
391
2088
1025
1452
854
4298
5781
4376
5844
4957
3119
6525
948
2382
4753
8739
7436
5932
8725
4550
1855
5763
5439
2776
3569
1239
4905
1060
8066
5096
5057
5072
5283
5433
3627
4811
2881
2267
2140
295
570
1338
836
1268
901
8
245
88
35
2
3
5
17
164
116
329
72
578
1039
1266
449
215
322
159
60
3505
200
1715
64
2001
2873
6457
4676
4551
4163
1342
5201
45
4451
7953
6626
8611
8767
9101
8099
2259
5160
5122
7060
8108
7642
5004
71
4670
2042
4116
2513
5144
4629
353
3485
83
2716
1256
427
131
843
731
480
339
59
48
10
1
5
58
118
299
512
315
448
655
1167
913
276
2932
260
715
4215
3438
1438
5150
2232
5973
110
4388
7735
2816
8729
6086
6971
8128
486
69
5803
9877
3667
1858
4529
2653
1950
7845
6371
4087
7309
3559
3112
4156
3993
10
4875
4239
2046
3393
1279
387
266
1854
716
109
236
127
229
219
88
5
1
5
93
88
50
491
783
575
458
1552
2204
2017
282
2239
1570
149
810
2844
5828
1264
4562
509
1288
943
6885
3851
8823
3426
3673
7846
1418
9515
6448
7440
9757
3948
5355
8337
8088
7514
3014
3972
1852
3179
4939
3816
2706
4632
614
299
370
2442
2078
2023
975
839
1095
403
330
363
188
63
18
1
15
104
146
9
294
456
639
713
1242
1817
2534
1276
134
121
4422
4192
4205
4194
3904
3661
4374
5983
695
4721
2066
2642
1465
7545
9785
826
3321
829
6346
5565
7136
6919
628
2350
1615
2822
5253
5416
5114
4581
4560
3713
2561
599
1411
2579
1972
1469
1047
648
1047
373
514
487
41
50
45
2
1
11
86
197
281
245
604
1026
1137
1881
421
206
928
2167
1641
2043
3718
2138
994
2354
6735
2097
2803
2611
2228
9049
1902
80
2630
8061
7281
2619
7003
3809
6154
3080
3546
2366
6748
6073
6769
4419
3068
748
892
4735
2898
4140
753
2722
2843
310
1525
366
709
667
175
189
254
23
113
14
8
3
14
91
107
128
358
762
1294
544
675
980
1267
1582
3221
2633
4593
5372
1732
4881
5045
3883
7265
6394
208
6584
353
1500
7869
7249
249
4233
7800
2742
6515
7563
5149
7369
4825
1281
6294
6915
1330
5867
6482
13
2395
4779
5
1477
2551
1260
2533
590
330
881
1279
820
488
207
163
101
41
4
7
11
132
261
496
718
1001
950
1373
1616
1271
1130
2633
3593
4042
1943
1345
3392
4935
5219
5962
7227
2362
3680
6783
5662
8197
9397
9507
3636
5998
5974
5209
3618
316
4446
2766
8862
1315
6020
5865
4909
5205
816
1158
3628
2693
2051
3555
1051
2701
794
2009
219
1131
299
338
143
370
85
71
17
1
2
37
116
203
217
172
394
1061
1044
1405
1216
2157
2924
2944
3843
4477
3121
4589
4628
5899
4479
3583
1572
4117
4054
3740
3103
4065
9696
4103
9835
904
4977
2133
2863
8415
566
5851
2201
2267
7309
5377
6875
4901
2707
2545
1351
2976
874
2232
377
1229
145
587
857
180
630
551
230
77
97
6
1
11
40
78
371
63
552
242
564
1048
2102
2659
941
3629
261
895
1378
1535
4894
2548
2508
3735
2610
7611
5623
6093
4058
8126
116
3676
445
721
4436
862
4202
3856
1800
6486
5425
1723
2144
1266
1328
1338
5183
1464
2141
303
682
3345
291
1576
845
920
100
881
99
411
264
272
103
44
16
1
8
99
84
173
368
863
298
1297
209
994
1827
1735
1112
162
2795
430
4894
1917
1479
5771
5451
2203
358
3854
3638
4623
1677
8781
6214
6148
8458
8486
4824
1844
8640
6533
7087
1237
1330
4211
1533
5984
319
839
5076
3512
1059
1527
2335
242
2387
786
2128
1466
534
413
756
301
96
41
13
2
2
13
126
64
449
496
360
987
382
415
1416
806
1118
252
2386
877
217
801
5570
5568
546
6627
2295
3837
2173
2196
6028
1591
959
4459
9279
8045
3782
8754
398
9609
5702
464
6840
4055
2092
2753
2867
1562
362
3437
246
479
1568
2223
3167
1281
1094
434
891
920
85
597
243
56
40
25
7
4
16
101
187
264
520
36
16
1020
811
97
1373
1523
2414
643
875
5250
4196
639
287
5703
7272
4572
829
212
9118
5442
1968
2427
9816
8232
5128
2855
1201
7577
4390
4389
7384
921
5983
6758
1099
5855
6226
2517
5561
514
1808
1317
755
1399
250
1897
1251
303
1033
599
280
299
139
54
5
1
4
15
73
252
363
178
926
40
1226
1397
2153
1864
172
1697
3186
292
3996
3249
3063
3129
2347
5647
2223
992
8638
6146
3664
4494
563
4816
1084
26
3380
5205
7503
248
3649
2515
6038
761
4515
4009
2456
4106
5945
321
3518
1521
1004
2935
2535
1565
336
88
486
139
324
218
93
11
98
12
1
3
40
160
292
289
595
563
342
1680
1480
1530
1662
2218
1093
3833
4756
2807
1565
2284
4867
2975
232
5263
1268
3380
8926
3413
4052
4095
3148
4617
5703
4336
8981
203
9007
2531
1452
7099
1642
6587
225
2614
562
1840
4788
137
2052
438
43
2469
385
96
778
439
65
10
175
44
98
24
6
1
16
12
64
98
15
390
79
1291
524
223
611
3170
115
293
3057
2422
4568
4112
5801
4146
2614
2276
4235
3489
8392
7343
1382
3491
256
3487
6272
3311
1015
9013
5641
1197
3384
2553
8484
2311
135
6283
1945
319
3324
5222
790
1643
994
122
1813
1579
2141
165
922
1005
431
448
325
36
11
10
1
8
49
178
418
513
11
1186
1109
1293
1055
1733
2317
3712
2349
2371
5160
2487
1065
3807
189
968
5273
2433
5689
7335
595
5107
6067
8127
6780
1319
6839
1070
4843
2971
5067
1285
8133
2088
6596
2810
3682
1042
2292
327
3584
1713
2200
3296
1926
461
1524
1828
783
1230
704
111
221
93
108
7
1
3
36
72
62
169
215
135
316
187
270
1811
2584
412
1658
2379
2241
2968
72
92
4809
1695
3768
6355
917
1275
5126
1425
540
7785
8671
992
3516
7075
2690
5662
6858
5487
3229
8497
2835
992
2629
6347
1683
4946
328
1877
1639
3099
3903
2337
2783
1233
218
80
856
310
620
347
31
113
25
4
3
38
102
40
451
478
736
1178
1310
137
1877
1930
2867
1716
8
3953
774
5872
795
557
3556
1763
6205
1033
4689
5456
4202
2548
3006
8637
3507
3617
2029
159
1258
7225
2847
7788
5595
6034
4493
159
2663
209
2909
2149
4470
2918
1591
3698
2302
2473
472
172
1007
463
665
486
291
174
78
28
2
5
18
131
52
300
186
845
387
1396
966
1663
2497
3180
2584
1344
747
97
1581
3042
3517
685
4337
6192
738
7762
4129
3251
1264
6379
9464
7500
547
2138
1337
2069
7448
89
5804
6054
6757
717
7394
1899
4255
3875
3244
4112
1305
1976
963
1371
547
1065
342
444
396
240
171
195
229
26
30
1
2
80
88
172
559
72
190
612
1477
1727
854
1383
1428
2123
3944
1567
5489
4581
4757
5722
1531
4231
6058
4536
3860
9170
5804
3290
8274
4469
5730
9046
575
193
3717
382
6886
1689
845
4606
7669
3158
4491
6622
5788
761
4870
2634
3712
2472
1227
2009
1952
222
1362
328
655
313
101
133
60
22
1
16
48
32
128
136
289
494
619
1757
1927
1849
2962
2861
1857
2372
1792
5500
1132
2430
5017
5007
3846
5025
5025
7783
1022
7912
839
6914
2912
2130
9855
4062
3516
3011
2524
3001
6564
2686
2121
1645
4660
5770
4103
444
1861
4947
224
628
1233
2365
1214
1036
664
50
370
90
289
19
90
37
5
1
28
30
93
314
377
682
61
741
1860
1593
2602
1889
1429
3797
900
2254
3934
1049
5518
1024
2029
6579
6814
2014
5109
8841
2674
82
3720
5404
739
8481
7919
838
2152
121
7630
2426
1023
3426
4546
359
4383
6234
3483
4512
156
1213
2502
1725
148
2316
679
878
175
552
350
218
175
82
42
3
3
17
43
45
13
540
69
189
1360
582
2022
1337
2964
1577
3974
2664
1689
1070
287
15
565
7617
4022
1711
4461
5260
2265
6366
6538
8147
5283
2458
8370
4766
4010
8339
2461
1062
118
6215
322
3710
1422
6360
5695
4437
2602
1032
4125
636
2908
1926
1994
726
1454
403
573
541
300
70
87
8
4
3
34
80
78
251
199
921
315
526
805
164
2577
3121
1765
1557
3710
2098
895
3864
268
6891
4543
4286
7473
1298
2342
1052
104
7919
2377
4845
8361
4829
6334
7125
5997
5118
5794
4363
7243
5311
4303
5277
3866
85
4180
1750
183
2187
2185
2386
1300
387
485
1582
393
127
53
147
160
131
20
2
1
49
136
230
138
321
204
160
1239
834
1235
2755
125
3315
3910
3524
1855
2651
2715
5461
4442
2300
3178
4647
3783
4254
8103
6126
4053
9224
453
4829
6389
8105
7921
8594
8095
5790
119
1738
5299
968
835
4668
5973
5676
212
1415
1842
1729
2365
104
1795
217
916
1007
530
48
194
156
1
5
1
11
49
110
65
52
682
926
433
891
2122
1098
2548
3269
1642
3924
4288
4659
1949
1345
3573
5313
2488
5990
1422
4694
3993
2380
7559
4268
3801
5198
7121
6023
719
8644
6623
4970
6452
8627
196
2425
314
5978
5654
497
3979
1736
2579
2749
1990
208
28
1977
806
266
22
751
262
317
208
45
9
1
2
3
178
150
344
131
9
335
861
114
178
986
476
1678
3001
3520
3957
5056
2544
5036
5139
3531
4346
2925
8436
8797
1294
8382
263
901
7719
756
1173
5617
4410
2997
6669
879
4638
6718
1162
1770
5305
5970
1680
2245
1178
4470
928
905
2150
1454
1556
389
757
714
659
376
49
165
33
16
1
5
13
245
192
305
80
764
441
1699
1170
104
1360
2885
320
3068
3920
5372
5602
507
3468
1775
2306
26
4396
6502
2727
6070
5259
6638
1745
726
4401
2840
6827
8590
3676
3836
1305
5736
7559
2154
5210
2340
305
4669
3409
2155
3227
2088
1782
2550
1015
933
844
1255
161
318
89
230
127
24
5
1
12
13
187
301
101
800
1227
109
205
1613
1163
2620
298
111
1040
2299
1071
2264
6148
4169
6062
3116
907
8273
3884
2558
2544
1365
2465
2971
2937
1464
261
9523
7679
1616
3967
3441
2027
1384
5303
2025
4036
4868
5528
4346
4071
539
644
2532
990
2403
1592
131
714
191
259
216
100
94
42
2
5
43
36
55
462
219
207
1074
794
1857
197
165
2228
65
2181
2361
4175
1744
5462
5093
6480
4771
6676
3563
7111
1555
8001
1253
3956
2137
3851
7851
9690
2468
5852
5131
1702
7304
2959
2399
5576
382
7050
6616
4418
2736
501
533
3311
3637
2858
835
495
1366
1160
8
466
135
357
143
56
36
3
1
47
31
183
459
762
950
200
531
1237
304
2770
960
891
33
1916
3427
3543
1542
6338
5872
4281
2116
6875
5904
4152
1973
7887
4865
6319
7553
5120
3128
9182
6803
1654
5046
2004
8313
7070
6359
5344
5407
455
5763
2280
460
888
4197
3601
335
2210
345
706
354
995
412
45
268
144
83
14
1
1
80
85
301
280
534
874
1407
802
261
1917
442
157
3070
1049
1171
4148
5007
6334
1179
7246
7595
3248
6740
3687
4261
398
6053
7882
588
3503
8202
62
7633
2750
1234
3897
6273
828
4115
6460
3399
4504
5670
1266
2829
3722
4424
1362
1200
385
822
671
281
1087
399
214
465
381
11
82
8
1
12
73
176
233
89
421
376
968
1760
1773
2484
1346
3581
1704
3627
2908
4170
663
2122
4777
3010
828
3261
3249
3143
1395
3217
294
5946
2862
1672
627
118
5777
2777
7501
6506
5430
552
5242
2973
7251
393
6473
114
4652
2810
3455
2358
1830
1344
2603
1371
838
515
673
504
187
96
43
52
8
1
9
77
50
23
235
741
143
991
354
212
896
2634
404
3348
1709
2618
2123
5423
3801
7052
930
210
8177
6310
2446
2806
9424
1145
5434
530
275
8105
3403
8435
4817
6626
6095
5477
8266
3928
2651
2090
1973
535
442
1541
2904
357
3142
2753
198
2354
966
70
375
768
762
475
157
93
40
2
3
42
135
131
120
456
701
285
1262
125
342
157
483
3248
4191
1747
4936
4413
938
6733
4849
4574
5398
4847
8352
5858
4333
4023
7853
396
5509
4119
9585
5402
5077
2094
7865
2201
657
2049
2458
1656
6794
3058
403
5306
4365
3069
2903
2316
2124
2855
477
604
916
187
578
469
97
3
105
42
3
2
53
147
39
199
132
204
858
197
102
1431
584
2560
1837
2823
1833
4133
1384
4021
5013
437
4290
7375
7102
1081
4965
261
1244
2146
4055
1831
1269
9683
1198
2462
3538
8752
790
67
5790
1094
4418
6376
3505
4290
3040
4735
2150
3270
1994
2719
1306
186
1455
471
1070
254
219
276
32
49
35
3
4
38
24
234
58
171
759
1111
1745
1988
1745
1537
2106
3324
1783
3402
1243
3315
3208
4714
1964
1686
7941
6299
1006
8442
3142
8345
2723
7434
7419
6080
2855
5023
9183
3763
6771
2585
7179
2932
1638
994
6117
2946
5989
5082
643
3902
329
952
460
964
250
1454
124
1048
608
30
307
143
93
4
1
2
52
153
41
556
39
1049
461
459
1559
2146
1016
1067
1341
385
624
2265
5900
5882
5261
592
5064
3840
8055
2726
4717
2716
4974
3004
3802
3308
223
6195
902
1293
2133
1278
6306
4686
195
269
7376
6967
2190
1901
387
460
3328
176
3617
327
2065
1449
382
1045
670
303
596
34
145
99
11
1
16
52
18
189
173
683
19
1427
851
1455
2526
2489
2116
2605
4042
4786
1721
3027
4417
437
938
6907
3225
6045
1955
9273
3956
4909
9784
8270
4512
2446
9674
5216
6979
8428
8730
3329
7138
3253
5028
2873
1212
1410
77
3764
733
1446
3273
2905
44
2468
704
731
379
189
330
386
112
6
12
13
1
27
35
66
276
155
588
577
419
1785
2025
206
410
1878
1635
4287
2373
1096
4464
687
868
5085
4033
143
7326
4872
3064
1405
1952
1047
5407
1077
8560
4653
63
4799
3212
5900
5339
5183
1527
688
4999
2156
3801
379
4663
3370
1140
2267
2728
34
2254
1979
1167
484
487
488
263
97
129
46
1
2
7
6
25
224
222
314
110
829
833
975
2356
3350
1769
2886
3263
1871
5073
2881
6765
2758
2880
2394
6153
4108
8406
8021
3777
6406
5215
4273
8812
6658
4653
5909
7529
7409
8471
7678
2485
2740
6968
5423
2302
2315
271
3496
1712
2430
2888
3360
2758
1883
1908
1122
1141
851
113
123
39
105
38
1
7
9
97
234
285
401
275
1158
1495
356
1519
2514
577
1112
581
753
4525
5147
873
2793
1896
5315
5738
959
4641
7848
9362
6283
5263
6643
2973
1554
4494
5409
5427
181
812
7501
4521
5056
8022
898
591
5396
230
1239
5045
4200
3108
2759
939
1771
996
1989
1189
728
462
248
393
178
89
7
3
2
50
65
258
228
646
304
31
798
76
1914
756
251
3802
3746
2896
1693
3334
3214
6411
4444
921
2364
1458
5309
5945
249
2383
3041
8097
6873
595
5149
498
8061
5495
4731
6749
2027
8038
6247
7364
1480
3258
3461
238
354
4089
989
748
2575
2339
752
1392
1007
1120
330
433
69
75
56
16
1
12
46
167
77
391
174
499
931
1813
107
1274
347
2173
631
3722
2390
133
87
5869
6028
2479
4808
1122
2127
5419
7421
401
5274
9057
5232
5433
1909
6927
3655
354
3555
5373
4307
5594
1690
4176
5693
6714
5065
5588
4302
1221
4340
1710
2812
1370
2030
34
1067
947
298
4
185
313
124
46
9
1
5
36
178
68
573
792
533
1167
119
479
1961
2650
2772
475
3267
3562
2980
653
5013
6433
911
7616
4453
3266
8667
4397
1664
1524
9255
1521
9072
7354
4987
3244
5245
619
7999
8878
7170
4656
6568
1356
2745
3851
5631
4048
4628
2088
3390
2403
4
1568
1400
974
1403
254
529
442
138
115
77
16
1
3
107
125
58
499
452
741
1516
1883
1857
983
1794
1305
3026
468
4224
3148
4801
5412
1004
278
7837
6237
7866
5627
1443
2707
8172
7108
8420
7925
7856
7314
2828
5347
1230
3779
1362
745
3024
4439
524
6341
5912
2502
3556
1780
4328
1676
2796
2249
240
889
213
1381
713
214
483
167
174
27
4
2
35
31
271
417
445
742
796
8
669
788
1608
825
2842
893
1154
1834
1531
250
4905
2578
675
6823
8321
6668
6876
8376
8641
3765
2813
8344
4380
472
605
4008
5538
6548
1548
7308
2857
1084
6052
6508
98
1015
580
1364
679
4372
3614
2942
1040
41
711
1643
545
741
366
153
225
120
8
2
4
12
38
209
271
29
144
1181
295
1173
1014
554
2464
532
332
2413
716
20
2260
826
4789
2558
746
539
544
5418
74
4318
111
1527
6373
1135
9933
8635
7726
1633
8541
5151
396
6078
1001
3422
6544
3224
3663
3576
5133
1681
1099
3649
1568
2612
2242
1133
991
791
148
425
31
218
54
31
3
1
16
62
70
412
715
272
678
1181
726
60
2369
1941
2559
1713
4504
4915
5828
52
3054
6622
4455
397
4421
3197
2758
5509
1535
6919
9173
7068
7416
1380
475
9237
5115
8899
7566
151
2145
6445
306
4780
6637
4221
287
2768
993
101
2009
2117
1553
1754
651
111
125
579
187
379
239
97
20
1
12
57
190
58
141
339
198
196
390
1904
2141
2624
595
1990
1697
1907
818
5516
4332
4925
4871
7849
3375
3370
2369
3064
8746
8458
1762
5226
2237
4357
8089
7820
5756
6569
1855
3623
7147
392
7041
1960
6272
350
4582
5030
328
4146
3319
2648
1896
246
815
1204
174
724
841
23
51
173
20
9
1
1
15
103
281
608
430
190
44
20
973
2513
203
622
3368
3553
3609
1395
757
1964
6893
3611
4544
727
6389
4889
7055
8223
9356
9436
8469
8192
6027
9907
8890
9095
9274
3617
894
5536
308
4096
1436
703
2122
3850
2764
124
4020
2519
3412
1520
266
1169
387
681
785
797
189
239
111
15
2
1
30
4
188
187
36
445
877
144
1248
2145
540
3146
2021
1379
4666
297
5430
3581
3671
331
776
6097
4338
3867
3330
4525
7121
5526
3005
8638
3700
7548
8867
1106
7924
8942
2074
4704
326
7043
3347
6367
5660
3881
1127
2389
3271
602
48
2935
2465
1927
509
1695
266
642
350
494
56
68
54
2
1
16
41
272
131
362
131
411
618
403
2004
2398
2688
22
1149
455
748
5314
5906
4017
4794
1322
4524
4130
3624
106
3971
5591
377
8524
3932
1862
1927
6769
7734
1031
7834
5107
3750
7166
6148
6765
2232
3803
5609
1214
3500
3207
521
860
849
1224
983
1681
1526
1071
460
239
12
147
125
23
2
5
44
119
235
103
224
843
923
96
1462
2496
735
1980
763
2351
4264
1697
4454
4809
5007
1078
1516
2186
5005
5767
5450
5741
7506
528
6560
7284
7059
3960
1046
4540
2265
3791
8356
8069
809
4944
6937
7059
5570
4624
2959
3667
238
1138
304
1379
136
668
1372
439
1181
876
604
156
163
24
30
1
3
59
74
151
462
259
393
822
1022
1967
1458
1218
2256
2830
3268
1629
3335
4830
4791
4542
605
449
7591
5521
5393
4032
5855
8129
2450
3228
1489
4581
7689
1896
8790
5957
1435
8156
1805
6109
6450
3054
5452
2991
681
716
4033
3378
3928
555
20
1811
1982
1099
1451
545
582
352
122
216
58
3
1
6
79
181
199
32
658
844
614
1091
1756
484
126
3212
1252
2058
3095
4872
3632
4032
3666
3283
6432
699
4505
4066
5835
7681
3305
1351
5136
6864
512
4140
2032
5716
996
9202
2998
4531
4863
918
2541
1837
4245
1713
3991
1294
710
1270
1833
985
1038
727
742
1359
474
571
210
290
175
84
2
1
25
29
17
9
167
360
212
747
301
1195
2056
1399
1588
386
3212
3020
199
5086
3520
2961
5879
4462
2674
1622
1998
6210
5426
6364
5249
6363
1395
4477
9096
2094
1005
7760
2354
2520
8120
397
3406
5133
3384
5639
2524
4479
429
2059
1092
894
2692
131
1796
346
1258
743
404
249
342
6
58
2
1
10
115
216
314
134
714
823
1407
393
2356
1041
2296
1526
750
1990
4506
2564
4176
2443
938
886
4449
5355
3674
6196
6653
3613
6915
4225
1104
4544
3281
6866
9201
468
8430
6465
6319
6655
4406
5439
5752
6027
669
3530
1590
2964
3008
2365
3350
2428
893
324
135
558
884
328
411
59
84
35
3
3
11
30
244
352
385
207
208
140
1855
2312
2773
2180
2051
3826
1188
1108
2791
5322
4400
3347
7635
2913
7318
4083
7153
2622
6169
2664
7977
5456
890
6581
7472
5764
3908
2826
7311
1779
170
2797
1097
7115
6780
1977
5044
4694
750
4260
1364
1487
1278
2445
897
1574
589
219
156
353
37
99
15
2
3
2
71
111
486
654
576
1327
373
706
1493
2515
967
331
1561
343
3751
4163
3241
5239
5010
7277
5683
1085
7007
8342
7990
8811
5539
1156
7624
5154
7720
1996
8506
3527
6645
587
8624
7826
279
4374
5570
2130
1829
726
2038
4715
1996
2004
2482
426
244
890
448
1133
947
520
366
51
67
24
2
12
30
39
99
64
723
294
961
1684
1041
227
2739
2711
3396
4129
3768
1719
2662
876
3205
4028
4526
3063
3739
1808
7065
8290
3792
8974
811
7320
8351
1231
5727
7392
2296
4585
6022
4846
619
1151
4866
6929
6097
3034
5067
1573
3776
4074
1628
2917
1427
1530
1759
910
1038
612
61
104
143
20
20
1
6
18
169
66
401
406
831
1120
1158
838
981
552
1793
3639
520
4753
4785
3346
5465
30
1506
5836
1840
5967
432
2928
8889
2626
1256
5472
3287
4270
7409
1444
2307
634
2461
8707
4008
4391
7735
6218
4973
717
4391
2547
222
2660
15
3192
680
2279
573
819
796
1086
649
62
80
191
28
13
1
19
33
188
297
363
372
234
168
755
1530
1236
1618
1394
3764
853
3043
5133
4275
2911
2707
7132
6967
7611
4483
2375
6034
6867
1399
9236
2538
7219
6039
5674
5288
9423
7465
8835
7204
7732
8151
3660
7298
887
3124
5333
1715
3545
1930
15
506
2491
1542
38
639
144
1015
519
461
22
111
57
7
1
34
72
109
308
364
214
296
272
652
524
842
1461
388
1032
702
857
5067
5771
4060
724
4395
7687
1684
4316
2085
6121
1794
4280
8
2389
2527
9159
8233
3047
2478
119
1602
1149
1568
4127
2712
854
6549
557
5911
3988
1238
3899
1154
2973
2939
2226
957
1416
1377
330
79
430
244
18
4
7
3
43
134
259
426
88
41
937
1040
51
1159
615
2514
1787
2507
4818
1811
2941
3069
6456
55
4363
6160
32
7752
7866
7716
2552
5867
8722
9024
2554
4040
8463
7850
9047
9196
4376
5839
2056
1127
1017
646
6044
3788
1771
2774
2780
3524
2473
1770
1317
510
1899
761
953
417
660
480
192
64
47
5
7
23
56
241
183
344
72
320
1026
1765
821
348
1489
1025
2801
3137
3805
1599
5078
1035
807
5507
1943
7076
6737
1358
4236
3950
5629
9664
9494
412
3533
9193
4381
3332
3626
1390
5121
5223
7963
4146
5304
2837
2750
2135
3663
672
2743
1846
966
1100
2010
1060
1375
750
298
204
288
140
118
25
2
4
39
119
209
295
637
902
1125
1406
16
1382
2582
1571
2143
2420
2930
4451
138
3315
1344
3621
314
350
687
3140
8996
6773
4918
8696
9316
720
1490
902
3498
3847
6015
1440
7775
519
4846
6926
4463
3016
2082
765
3392
4670
2668
1066
1520
2466
2067
198
849
713
87
376
112
243
73
13
9
1
17
25
24
175
253
821
601
953
1557
1693
1887
2476
1842
1223
1480
396
1045
2228
3108
3969
3366
7200
185
1356
2932
7691
3534
2546
5690
2930
9821
4157
5687
967
5036
6073
6570
6128
2463
4580
3434
7408
6886
3818
5630
1675
3364
3436
2740
475
975
2031
1542
619
812
741
139
548
347
81
20
20
1
22
65
72
170
205
882
404
788
814
757
1348
14
3256
3287
1386
3240
491
384
6207
5943
2830
7169
3159
126
6288
8623
8737
698
1341
4346
8625
5510
545
1697
5859
3615
7375
8438
7705
7090
7108
139
3485
5130
2658
4404
2085
2393
1994
1240
3083
2287
1950
23
1269
642
763
244
231
137
40
8
2
8
40
130
254
505
78
135
986
1956
303
330
1354
2139
2332
3925
3839
3889
5050
4902
3907
5278
5957
520
2395
2874
1228
5368
6464
6300
7091
5608
8326
6645
6859
454
4034
7182
7020
385
3317
7133
5859
5634
767
5822
1508
4205
2917
338
743
2510
1058
1262
1561
947
572
508
461
67
159
39
8
3
13
67
129
329
177
239
486
480
1625
416
306
1847
3017
1659
157
2341
598
5574
1854
3741
3629
6510
7095
128
4256
6756
2115
3930
3114
6206
8068
5777
875
8740
8710
9131
1236
8070
2215
4578
5535
9
5097
3181
2246
4182
4571
2121
1146
719
3
1909
1346
1407
552
118
404
133
153
76
47
5
6
60
140
197
302
471
185
663
1421
1894
1238
1707
1367
3425
4365
1651
5379
1668
1166
6827
5017
6464
3805
867
5193
6047
3527
7130
1644
8967
7005
5254
5212
1900
7701
1086
7650
8787
5265
2343
6943
668
3492
1742
3720
2722
1208
2798
1662
174
705
206
1241
1358
1307
126
927
556
378
207
47
8
1
12
1
17
216
251
554
250
1043
993
2080
572
1375
1925
1305
1410
3833
3926
2151
6342
2921
6458
2282
7109
5211
2361
2924
765
396
6632
8858
3423
5561
8918
681
1807
3360
7099
453
6294
7978
16
7119
2867
1215
5573
4072
4926
1168
2977
2081
983
599
1996
324
1278
141
438
343
330
39
48
24
1
20
76
112
118
140
188
765
282
416
553
611
132
527
2366
2870
151
1598
1125
2187
960
5023
3954
4922
3661
5569
1217
2047
4032
1935
9802
7671
1575
4578
9258
1025
6630
1509
6967
4529
187
5191
5623
4935
5280
5877
1821
4251
4077
595
2903
63
2207
2125
1146
358
642
326
54
372
124
8
9
1
5
101
26
354
469
464
32
1186
338
1805
1297
1972
1382
1796
370
1333
3257
5416
1843
179
6141
4189
7515
34
8173
9202
5821
1142
6905
9803
1218
8704
5658
2279
3627
3004
3575
3586
6220
4647
6380
6145
5662
1217
1549
4925
2236
2113
1632
1268
390
2242
1944
47
1229
467
527
261
190
67
7
5
1
12
21
61
269
370
596
415
1203
162
382
1597
885
194
379
1658
804
2839
4404
1878
7046
4478
2452
7045
5661
5360
8775
7865
9177
6535
1194
7984
9516
2824
299
5418
4456
2747
4697
1914
3115
2514
3102
4478
2407
3035
3444
2609
2843
1334
1534
1862
1431
815
794
284
1022
24
15
294
117
51
4
3
35
2
242
84
223
368
45
547
1425
1126
1786
2378
3729
1069
4201
1289
3406
1954
5857
5648
5317
7719
8340
2637
8975
6068
8147
6610
4250
1957
9570
1316
8367
7822
9054
7447
7365
8621
1034
1107
3334
5348
5734
220
5746
1839
1341
868
2524
463
2860
2428
1496
1609
1203
708
175
368
6
99
31
5
4
27
128
6
118
165
1033
480
612
128
220
2483
2523
2766
770
29
4893
2729
4984
3532
540
1065
3869
8414
7501
3221
7030
8335
6448
3349
4762
967
7719
8785
7297
6122
1000
6729
8695
3891
3510
5441
2104
1120
2599
584
4260
4546
2404
833
1539
1811
861
1145
1001
1058
878
2
152
154
125
33
1
11
26
12
134
246
351
16
772
913
1591
1229
954
2747
2296
534
1821
4233
5846
3004
2803
7152
5260
5421
6901
2062
2722
7340
4337
2651
2242
7623
6540
5620
4548
6592
96
4977
6252
1637
372
431
4976
2533
3105
5341
620
4308
2965
3011
3440
2165
1894
1401
1859
187
1002
233
570
116
126
83
21
1
7
70
104
125
182
159
177
1463
1626
1834
922
1077
1124
356
3711
4804
4499
4470
1622
855
7242
1659
2005
3743
4205
7157
3286
6127
5215
223
848
8506
4280
5712
7931
7012
7111
5455
3118
2318
429
5264
4382
2403
2589
358
1570
1052
1782
687
1103
1083
906
423
699
580
542
485
294
36
78
19
1
26
47
25
262
528
636
1
180
1470
787
1033
2466
2817
1830
3314
3241
4942
5536
4058
6446
2239
3761
3131
6962
962
1759
5428
8812
6520
4221
5571
5628
4908
2911
8110
3140
5923
4234
718
352
6367
3390
5633
1358
5381
2850
2359
1808
1665
2535
940
905
410
567
1115
323
407
547
70
152
4
6
1
21
86
218
223
648
294
736
13
1507
105
2318
1989
2164
4129
342
3197
89
4916
3686
2587
7419
6935
1168
7898
19
1141
958
7823
1626
4901
8013
3358
8080
6265
8094
7356
5377
3788
3619
2817
819
6427
6528
2012
4999
3558
2746
2189
298
358
2557
1744
1280
1087
802
632
293
355
13
31
52
8
1
13
17
287
324
502
56
131
78
1638
2410
1834
2520
1744
1231
1460
5052
5807
249
2940
4914
4930
5620
2208
2148
6498
5440
8828
5188
3865
7592
6856
6497
5076
3084
9249
2017
64
550
7611
3563
5178
3823
1259
4812
2597
647
1643
1905
619
1373
2188
1080
1513
15
414
81
423
113
178
90
32
5
8
9
146
274
184
399
966
348
1668
495
1057
2348
2169
1947
4016
4762
5057
4154
36
4677
999
5744
2641
731
7283
8361
3006
651
1576
9407
6343
614
907
5127
9018
799
414
4408
8532
5428
5778
2959
3086
6605
5518
1928
4986
2135
2865
3601
2520
1256
784
169
848
184
598
571
96
209
55
34
2
3
1
78
83
27
722
232
466
453
1314
1978
715
411
2916
3676
2826
2176
4595
2109
5818
666
349
2982
7491
2779
7771
801
1001
8916
5648
5919
635
5691
61
2945
2422
5029
1354
5060
6631
5978
7342
4706
3333
4296
2698
3627
421
1001
2440
1810
2671
1643
1075
1293
18
33
352
311
224
83
29
1
7
57
66
83
97
391
499
877
1569
918
677
3085
366
2980
3125
4214
3357
2057
2539
3964
5060
4578
274
2817
5521
2062
6780
5415
9658
6904
5652
3110
9462
5028
1604
1083
5611
5391
2941
709
5071
4426
4936
2481
5802
2127
1036
2538
1448
813
2361
1789
993
1456
928
62
4
200
232
209
62
18
1
19
104
173
151
126
868
850
1422
1172
696
1718
3182
3275
2661
3864
2261
3539
4223
1232
6556
924
4804
4556
1529
2187
4814
4027
8395
8082
8660
4303
728
8223
1603
4257
6271
1210
6989
5008
3094
5613
1503
2521
3904
2845
4535
184
432
566
3036
52
689
1008
353
105
370
575
73
70
101
1
9
1
19
54
179
339
377
439
433
1503
359
437
2652
2581
2476
1663
2159
3953
3054
1936
2706
3074
3081
4813
1145
3294
2836
2493
2015
4688
8920
4743
7219
15
8970
380
7354
939
1268
6587
5726
2602
7177
1746
5059
1368
3719
4470
2955
3513
3025
1
2559
434
1273
1083
248
571
401
203
211
72
55
1
1
39
9
240
244
141
206
233
250
268
1028
1516
1161
2616
1486
4570
554
630
3655
4037
6637
6241
1766
799
3145
6797
1135
6277
7914
9785
6708
8757
3946
3618
3326
8667
5271
4989
6305
2937
2528
996
6288
1975
2797
4922
4639
874
4134
1712
2614
1452
628
1287
379
322
369
249
431
52
49
11
3
4
36
6
86
397
162
1029
1028
909
1591
1567
2441
656
1800
3023
1823
219
736
4987
3704
92
3129
6248
2199
3623
1027
7455
5664
814
6266
9121
4496
2026
5729
7007
5805
7406
3061
3120
2669
684
4620
5513
6123
384
2579
4815
485
882
2613
906
2428
1751
77
1199
172
742
362
160
227
22
11
2
1
66
58
87
358
519
664
853
655
462
953
2795
3214
1797
3722
3233
1587
895
5965
985
3800
4639
7314
5581
3369
556
6089
8518
8494
9099
8336
8719
4022
1397
7356
6525
3919
3262
2450
3518
1649
2114
2348
756
2227
4478
3926
3037
2395
1148
1369
233
2103
1823
569
336
8
8
66
206
61
19
1
21
38
29
247
492
113
653
370
632
1092
576
278
3054
5
2214
642
3211
4822
3620
4628
5187
3938
206
5253
1266
6218
3817
6290
2300
312
6632
2001
4354
4283
4714
8557
1880
6181
6788
1473
1345
7467
1871
83
6084
4179
706
2630
707
1172
2718
2328
1033
973
158
268
166
301
333
91
16
12
1
8
67
92
62
519
66
1123
1543
470
2172
2486
2879
2089
1168
3119
3998
2563
6110
4220
6767
610
6323
472
2734
8915
1857
1864
492
3689
3742
9491
6206
6222
3284
7437
4212
394
3006
655
2356
7066
7213
5659
3020
1511
2634
4368
3171
1875
1785
882
476
2042
1755
707
607
143
180
83
104
26
3
1
39
21
153
183
565
867
152
198
901
224
2664
1827
1304
205
2017
3593
861
3517
6525
2383
3769
7621
6965
419
6908
7365
2753
3052
1233
1115
4866
881
8981
6860
1272
6997
2294
2236
4272
5733
7613
520
1747
2080
704
3673
3160
1188
937
844
1792
933
1754
105
567
612
643
174
285
161
6
1
4
51
106
135
177
698
350
1142
517
682
2327
1645
983
221
3810
4523
1741
4372
1108
6297
823
9
7986
1380
5192
4272
1265
1184
745
2166
1447
7725
8415
4969
8519
2025
1024
2027
691
3543
4481
128
4471
3256
4489
2859
2188
163
1026
845
2003
2869
2114
436
245
103
675
201
97
113
73
49
1
4
8
113
61
448
681
282
387
141
1960
1358
1678
2180
2592
2681
1471
4853
2716
5718
6039
2296
5736
5378
224
470
8617
8140
4284
730
4764
6074
534
5974
2758
2372
4429
7541
1331
3323
7475
535
6946
591
2223
3544
1847
3306
447
3320
1957
1996
2060
2138
522
621
1183
788
168
172
237
92
25
1
15
43
91
150
197
505
487
1255
1244
777
1559
67
1970
3686
2941
1429
1806
4832
5781
4795
5146
6172
617
2345
5569
8856
6254
1641
6789
2904
7685
6561
8345
2441
6996
7879
4721
1461
6117
1660
1197
7031
6084
4690
5210
796
5126
3775
2419
3247
417
2506
1548
392
276
1107
147
528
38
115
82
15
1
6
36
107
26
529
567
467
1076
1517
760
1559
486
2956
1450
661
1310
3172
4008
2538
3327
7172
1780
2377
7628
3498
7051
5786
4997
5198
7374
2971
4034
1210
7862
4562
88
901
4578
6324
4529
6677
7054
4924
1937
5664
2677
2808
2278
555
2067
1894
1956
1798
972
360
940
241
502
127
94
54
6
1
11
78
228
149
509
422
876
1523
1830
710
1891
2838
3223
669
2012
1892
5293
1
4012
4682
3268
1007
7532
2206
418
3603
5621
4809
6072
4909
9811
9644
1943
9220
9279
5968
382
2860
5258
8141
4886
2168
3492
3195
524
5127
2464
76
2273
2577
947
2607
1870
375
1259
586
185
261
11
90
46
1
1
32
75
12
193
426
949
52
406
1243
2336
2148
2483
211
1364
4187
3735
2999
1504
112
3718
725
6929
3385
5541
838
4780
2846
2043
1124
9413
2921
5462
5258
9505
9403
1487
8878
5783
380
1841
1984
5851
4197
1994
689
2638
93
1199
2859
2316
2351
1159
1126
1421
986
269
732
336
148
118
37
7
5
7
108
257
447
504
164
1276
1549
867
1900
495
1242
2000
2859
97
4220
95
4381
1425
783
1709
5417
3951
4242
2489
1131
9114
6126
7128
3430
5274
8474
733
388
3913
3826
1859
3305
8196
2095
1074
986
4248
1842
2488
3444
3455
1922
3739
3112
538
473
461
1081
402
492
548
424
36
18
12
2
6
61
55
6
514
127
413
1313
737
358
228
2053
1593
594
4282
849
3226
5540
4684
5361
5579
7418
511
5994
764
7645
5579
8145
9397
4573
1309
2042
396
913
2167
250
2403
5580
8582
2658
6286
5363
7177
5891
5334
5536
3592
387
2256
1554
1626
817
1
1102
1582
903
23
145
89
160
39
37
2
6
5
9
5
532
239
693
1297
138
730
2374
1812
2914
2016
1227
4535
3669
1913
194
4091
7075
4597
4745
5804
2188
3934
4838
8342
3672
4753
3193
3604
1730
3587
3632
1204
2726
12
260
41
7710
4285
4213
2811
4327
4899
4967
1708
3411
3653
3061
2122
489
311
121
544
200
370
388
55
8
8
1
6
26
130
2
338
517
773
851
386
1979
2156
1988
2079
1218
2717
2929
626
1302
1049
3636
3174
7574
4933
4450
1620
7582
4431
4005
8721
3715
6408
7617
6409
2392
3880
8017
4458
611
419
5702
7413
6322
6695
958
4721
983
3658
4076
1594
1851
120
1201
1058
1169
1421
325
380
37
125
202
39
20
1
3
24
184
233
213
427
295
1021
793
1696
1692
1800
1856
1763
4274
116
2527
2611
402
3750
6746
5527
4075
1533
7024
5110
1370
7276
6112
1167
7510
3344
9622
5101
8641
2863
9129
1225
8240
297
6741
1499
1579
6458
1542
751
90
1513
777
276
2637
1879
886
1756
754
199
425
370
194
146
32
5
1
17
108
5
151
315
751
371
216
569
314
1029
928
84
566
1424
1890
1881
2356
1479
4903
5969
6745
1781
5256
45
8281
1572
7722
3084
1156
9129
3422
5820
9097
6516
463
3225
5357
1557
5191
2866
1305
6297
2507
1834
4602
3689
1197
3380
2082
2837
1625
933
1373
1190
85
514
344
274
103
48
7
5
20
52
191
207
507
891
322
566
533
141
2604
2204
6
3218
162
1460
3493
1726
5856
6344
2684
5319
6333
3791
8886
3940
2901
5891
2068
872
2099
5839
4324
4827
6205
7254
3484
4627
935
5177
4471
7244
6278
3686
2159
5108
2372
4193
3325
1173
2433
521
1307
362
835
603
452
274
242
69
32
1
7
48
32
113
76
437
536
353
1471
192
2277
1212
1070
1026
4429
3950
4688
5101
5021
4811
509
422
4502
2949
5912
1718
8700
1438
2976
2204
8416
54
5922
303
9638
7076
2201
1200
5524
673
6883
1181
847
1106
2585
647
3139
4325
4133
50
795
1910
161
1566
1045
459
917
142
227
236
54
14
1
11
31
105
143
147
552
740
491
969
1819
249
1036
3106
836
2578
3941
4495
3504
155
852
2107
6401
6406
5609
3833
9121
7610
3348
569
1620
9030
7213
1878
847
1214
4287
3719
7162
3709
4769
4921
3926
6441
3262
4479
624
4701
814
2886
3440
952
2686
889
140
962
969
55
41
322
28
24
10
1
2
6
130
53
272
26
652
988
530
1635
546
1296
291
1284
1471
1301
13
5415
3628
4322
2018
2047
7262
700
8585
8699
4841
6882
7892
8368
1852
8522
5266
4147
6053
5870
4177
7376
2399
3064
4265
3578
5475
4069
2584
4092
2592
287
2532
2507
2115
2379
2145
1013
890
619
103
66
95
191
53
2
1
4
56
9
156
373
778
788
1482
65
1792
2032
937
700
1946
3755
1305
4082
796
3741
4303
620
5947
7049
2273
7832
8887
4899
4134
1758
5842
4713
9308
808
1400
2936
2817
5856
5248
2137
5505
2752
4543
6660
1135
457
2155
305
3568
2086
2192
94
618
798
1555
705
942
367
353
317
51
18
6
1
40
71
39
112
121
702
167
781
173
1802
1259
867
3120
3569
4583
1312
5709
3631
6169
1615
4433
6333
6086
724
8024
3437
96
1539
2325
440
3646
8179
2189
5001
639
314
8064
1749
4395
7882
7307
4325
5925
2549
338
4439
1385
195
129
2862
2691
1552
532
1073
449
140
471
496
92
140
2
3
4
47
66
114
266
231
217
921
1546
1643
710
1222
649
3793
3807
524
3526
5300
5962
3821
1100
1465
1494
4088
8479
4076
4290
2423
3016
1103
1790
6250
6204
2499
80
1595
5350
2040
7584
1056
133
5999
3922
5725
4788
271
3123
237
4120
610
2049
2136
857
874
1411
1227
860
667
93
232
8
1
2
4
18
77
156
246
519
1030
820
569
1616
1972
2421
514
1785
1733
974
2182
3255
2833
5325
3904
6757
5102
4052
3348
5208
2867
1870
2525
9411
6350
5698
2103
854
6662
3006
3696
5965
4747
3000
383
2366
1149
5578
4747
3155
142
3783
3111
385
1864
2535
2317
1631
590
432
367
206
237
73
32
30
1
2
72
34
149
523
381
1065
412
931
2003
1177
1066
1077
2549
32
3699
2000
659
6099
1800
5310
5982
2171
5996
7054
5281
8258
714
4574
6787
5633
5694
2154
7271
6056
1386
7801
5263
3752
2952
995
6616
2369
2837
3121
5528
4115
2348
3004
2697
2440
1196
1144
45
1173
336
205
397
400
160
34
16
1
13
89
114
264
462
640
870
1135
944
1427
1966
2948
2796
2893
1675
1388
2365
577
206
6038
1674
5469
2128
1220
5001
8282
1256
8614
8360
3207
7883
208
2488
9329
3280
6195
3018
782
377
6872
2747
5740
2776
759
2848
4227
1965
4078
3482
191
1189
200
850
1172
317
1062
138
573
305
3
27
5
1
7
94
2
201
100
86
635
1538
151
682
1060
627
1467
3253
1011
1477
3560
5595
1992
2381
6943
4548
1541
4238
6627
7468
8999
3704
1052
1877
492
9309
174
552
3962
7642
7233
5055
6808
7093
3850
5976
4801
5741
3478
4981
849
3777
1778
364
2467
937
1464
1116
1195
44
340
429
143
32
45
6
1
12
69
40
33
214
336
637
1315
1691
2287
1435
2423
606
180
2556
3354
2812
3996
519
3467
7221
5675
2752
8647
6982
7013
3883
9158
9851
8727
6761
8941
366
4497
5812
9267
7412
6554
6769
2336
5297
2158
101
3055
1990
2967
547
2021
3216
2834
2791
1009
1112
1543
519
960
213
215
157
45
18
6
5
52
42
123
468
523
156
995
9
1738
1694
1926
3235
2528
888
3396
581
3861
3305
315
409
5266
4718
631
5413
7900
4677
1120
7627
4275
5657
5905
4015
8326
51
3431
1831
1451
6533
7074
5110
3229
3553
3950
448
4038
4868
864
4271
1663
2892
1962
282
155
1241
471
922
623
54
100
45
32
4
8
11
101
232
186
575
479
261
21
1089
1743
690
2016
27
632
1947
3426
1249
5716
2102
2389
7504
5655
2757
4787
5274
4116
8613
5146
1163
8369
2427
9067
4186
5735
2514
7505
6128
755
3789
1473
3043
2255
5114
260
524
4143
3176
1279
2546
1998
736
657
590
927
1011
474
13
308
9
94
7
1
11
20
98
207
383
144
740
1104
1803
1551
207
1210
2646
687
820
2073
585
2974
4268
2558
5710
7493
7830
5011
4126
5560
8749
4781
84
7335
4044
3246
9725
5316
8783
2765
3248
1842
469
2866
7197
996
5211
4289
5764
3114
3576
197
178
1277
139
1224
2164
1195
42
471
203
364
212
200
34
16
1
22
11
23
88
275
813
1067
1201
1588
1560
456
403
2259
2967
2106
1522
4278
4908
2245
1454
2800
7666
7220
3512
7477
821
8855
6832
467
4942
9011
9827
5984
6277
8186
6569
5354
6817
4236
492
3495
2188
1309
4572
65
1543
5051
1860
2916
3489
1913
232
2100
212
722
457
701
246
40
181
49
13
1
26
32
240
204
320
680
743
869
1601
2125
1052
508
2042
2754
3703
4973
2096
4683
1342
3239
2477
2525
7920
6370
7141
22
7984
6574
1894
1143
1800
9822
3933
1617
987
8430
5016
3086
703
28
1941
3389
1106
5153
668
3187
3746
2151
1341
2062
1729
1720
1167
262
38
353
620
270
1
177
45
10
2
28
82
189
245
112
42
323
1302
1865
1726
1706
1193
1744
752
3566
4958
2955
2069
935
5825
6630
2302
7037
1693
638
9047
1862
6656
5727
6445
2770
8567
2610
5969
282
4003
5982
2498
7336
1755
7696
3333
3937
2882
3722
1715
108
3421
2533
2735
1730
1294
171
88
460
809
487
270
145
138
11
6
5
24
54
225
248
470
37
1
1450
1383
1139
197
2560
2805
1682
3772
2671
3909
3616
4880
5927
2196
3251
1301
623
481
3033
5180
8998
1376
9170
6450
2179
2709
3905
6939
5175
652
6373
386
5955
6256
815
3306
3381
766
4767
154
3448
377
2505
708
938
297
655
114
816
506
123
211
120
9
1
1
7
12
143
339
109
844
955
896
1309
1119
1914
506
2250
2360
4032
5454
1559
1244
1677
4744
7590
5242
3144
7180
9141
5937
1885
4796
8034
2283
5662
5328
9206
6209
1687
670
3914
4367
1833
5424
4329
6104
3061
843
87
1407
3645
1175
1732
36
1567
1036
563
1465
1087
851
124
32
103
76
34
1
3
71
48
351
326
255
126
1149
1793
1512
742
242
2916
1198
1576
1113
3173
2674
5654
5334
3815
1198
5663
3361
6294
8059
925
1047
4962
337
7137
3065
5350
5845
2769
1075
5004
3582
4709
1338
628
3444
1691
3519
2382
3308
3876
4470
2758
930
2311
481
937
82
306
129
486
185
341
157
99
6
1
4
78
63
99
202
274
502
194
56
1193
999
1780
3318
3939
4387
2585
1406
1223
5685
3003
1806
7169
2167
8543
4091
1795
7959
1413
1580
380
7780
2998
4652
6847
1819
4142
104
2260
4882
336
6100
6958
1655
2081
3151
4558
4167
1849
2663
2451
2589
1410
495
1331
751
764
766
570
168
16
57
16
1
25
65
205
352
374
81
40
397
969
1416
346
2653
446
2434
1280
829
4941
5915
4165
2806
1319
2780
4531
4232
2403
1488
5499
9531
4465
4435
9924
2127
109
8136
6571
2108
5086
6354
952
411
2448
6427
3471
438
489
4236
1131
4251
1439
2985
2966
439
428
912
920
499
244
467
149
137
23
1
2
41
71
79
373
60
4
1182
222
638
1045
780
65
1952
186
1181
2428
2337
600
2923
4131
7104
4695
7269
3431
4790
3372
4477
2814
6624
1711
8981
2602
6987
8064
6834
7446
7571
2392
4792
6343
5422
3431
5473
1352
3023
236
1496
2426
3031
1278
2248
1770
1238
433
981
119
456
417
124
146
1
7
5
19
117
158
379
164
805
441
1078
1030
2000
1281
1165
3686
496
1374
710
3072
4161
3589
6269
6786
6328
4989
8792
246
483
322
5682
521
9688
3950
291
3633
8981
7644
2113
6501
1116
7294
6816
4305
6744
5559
898
3955
537
4386
3620
1493
1456
2013
655
1722
1511
338
853
678
138
26
91
42
2
8
62
7
159
69
302
261
872
407
950
497
156
2039
2018
3520
637
5358
1054
3625
4677
3274
3191
1879
6045
8172
1826
6004
81
4816
5327
1283
8123
752
1659
2879
8023
5192
1593
880
3555
4946
2229
3400
5602
2713
5145
5049
1968
314
604
2379
1459
488
1878
1361
153
732
326
332
231
80
32
1
13
6
130
210
146
686
355
985
158
546
406
1730
2435
2782
713
3699
4214
1919
612
6383
3892
5386
6372
2430
4243
8324
464
241
5586
5761
7523
9453
6402
464
1579
8557
8189
4324
5014
5033
5768
2749
1144
279
308
1797
2109
2068
1125
1846
1140
2173
432
1449
115
351
583
77
128
196
72
19
1
24
75
55
202
167
314
852
774
1361
1669
1835
2429
1511
2595
802
4406
5056
1905
5611
2302
3745
4856
3334
6898
8201
1481
7148
4017
4911
4582
4969
1158
8469
7310
6119
7217
963
8914
2356
6834
5697
4337
1576
891
5111
183
3188
3383
1401
1716
205
1272
1620
186
1327
306
217
380
251
80
65
4
1
21
65
35
156
432
708
337
198
966
2022
2759
868
2611
77
4226
388
5703
49
5184
782
2793
7013
135
5584
6988
6282
9162
1621
4219
7733
6765
6673
3341
4453
334
6012
2076
2751
6533
5915
6248
2822
6841
865
213
2834
1038
147
2094
3450
432
1367
1861
280
234
679
367
68
268
160
38
2
2
38
76
64
235
546
171
1162
833
1971
704
378
367
3664
2792
4582
3330
4687
5891
2739
2422
3302
1598
1157
6135
6051
8408
1255
1899
4303
2400
7571
9421
7970
6116
4370
2151
7332
8820
6288
3358
7125
3690
1079
5618
4646
4029
2488
2622
2668
3128
1677
1884
1563
576
110
420
646
107
185
148
6
7
6
30
96
294
375
43
987
173
179
1098
1590
2651
1388
1645
2826
2683
3517
5654
612
5842
2512
6504
6725
3619
7844
6380
2562
4726
6253
3570
1234
5241
5213
3765
4870
2674
690
951
380
1514
5094
2395
5152
4552
4626
2067
4549
104
4111
2246
1709
853
154
683
585
1224
34
439
36
187
86
9
3
2
15
170
21
154
55
789
144
592
111
2103
1948
1471
3207
2230
2199
2147
4297
6144
2236
5772
2254
5568
6273
8529
2826
4184
6093
9137
2755
987
7133
4909
642
3987
3983
1266
1345
4546
901
1600
7371
5372
4154
4824
1425
3650
3801
2558
2434
411
1087
1361
1578
188
656
104
129
343
170
56
19
1
17
50
87
139
210
182
604
691
766
1132
599
2097
3289
445
1696
3651
3963
3972
5536
5144
6443
5131
4036
275
3571
6329
4410
6897
1566
9908
3743
7611
2284
7993
7580
5690
6186
2874
6153
715
6575
4281
2804
4942
1923
2277
533
3076
2887
3486
1265
1532
548
1677
345
750
499
425
390
82
33
10
1
14
80
202
310
288
750
581
291
1299
146
1605
221
1378
2597
3751
195
1811
4652
2870
6234
4749
7572
897
2328
4711
4037
8447
8614
7480
2450
6475
3126
6823
5444
962
1496
3823
2052
3020
6091
2302
4272
3089
1987
5055
1384
4949
710
2616
1473
2091
729
2231
1426
259
589
704
37
17
122
27
13
1
22
103
72
338
193
478
952
1051
875
2327
302
2451
3059
1508
3440
5086
3629
4809
1873
6494
5874
472
713
8144
4919
1393
9335
1476
940
6674
3429
7266
5477
6218
1477
4558
1410
8265
1281
4928
4268
6587
6837
2355
5282
1916
4846
2322
3026
885
1293
1377
2047
902
650
526
232
41
93
70
27
7
3
26
35
249
24
29
455
1073
454
33
885
2589
53
943
1072
4756
2124
41
5517
5591
1259
3512
7845
2308
8341
8210
3269
8247
9058
7221
4783
6811
9315
3648
2180
5959
424
6335
4024
2745
5768
3502
1617
4964
4462
619
1879
486
493
877
1919
2726
1716
350
331
358
71
401
63
303
142
14
2
3
14
84
30
144
636
562
332
971
8
261
2752
1157
815
4019
354
5156
817
1707
6007
3335
3362
580
3047
1227
2283
1124
7413
7764
9868
7172
2701
2398
2516
3578
1586
7050
5029
3630
2740
1543
3959
6438
1112
4567
4674
1257
1522
2496
1928
646
1932
1401
1822
46
447
761
544
349
160
106
22
2
1
26
86
273
62
29
249
103
1522
1617
2490
83
381
1607
1181
299
5376
2407
1635
4514
4514
6151
2583
8224
5096
897
6734
7578
5017
1835
2674
1656
1810
3825
9595
2828
3956
1969
3229
2410
4815
7354
6795
2311
2308
1221
2119
1669
1064
1099
2089
2423
194
1154
722
356
297
112
304
208
116
21
1
3
84
197
38
243
167
531
505
801
983
786
2437
1604
586
3758
2205
170
709
489
6260
6214
2359
2906
6543
5567
1453
4433
4407
7702
793
4538
5905
789
726
6743
1315
8455
7227
1037
2905
1934
377
5432
4572
1191
1275
651
3994
4059
3064
2401
1222
1773
1400
312
462
465
412
191
213
39
15
1
3
65
53
346
341
34
1170
821
1736
103
2577
776
3202
701
23
3776
4415
2925
808
1624
1864
3949
3622
5565
265
6896
7226
5974
1286
3298
1564
8670
9714
269
7196
1608
6474
6608
2980
2090
3291
2149
3474
6060
559
756
1499
3989
2491
1498
2298
2286
1227
318
198
242
456
512
301
64
19
18
1
29
77
232
4
229
278
1218
951
695
2163
2060
921
2396
3682
2733
783
2761
3924
5951
2448
6203
500
4012
277
5560
3476
8236
9068
2311
4818
7511
728
1318
6667
6916
4559
5664
3033
730
7961
1976
3350
1745
5766
1932
2545
213
3608
2912
3260
2374
1414
1357
1579
300
939
706
41
148
25
39
3
3
31
70
156
376
88
877
683
158
1603
2405
2836
2291
1179
360
1744
3980
4732
5850
3602
7210
1477
3453
1785
620
3015
8641
1436
4578
4767
9775
3146
8078
4858
5013
2453
2365
461
6952
8367
6849
5957
4393
1103
4549
4033
2822
2263
