310
2
36
174
196
125
414
342
597
496
49
135
67
279
651
923
212
599
374
27
262
355
99
595
903
852
312
614
760
662
247
167
131
465
535
293
156
258
159
57
78
113
63
105
19
33
39
14
1
4
2
1
3
11
6
32
10
87
55
10
25
30
184
223
336
262
290
123
346
35
516
178
697
90
815
73
779
11
450
839
423
235
830
202
450
407
271
559
317
639
4
675
150
482
347
282
370
61
12
100
206
276
249
112
55
139
72
13
12
18
11
11
4
1
1
2
13
12
16
20
48
43
16
7
83
275
158
118
178
238
283
541
180
479
261
415
403
743
6
595
202
659
574
140
196
76
871
120
827
189
699
304
774
160
296
162
99
126
329
320
364
195
207
122
36
55
213
198
11
28
62
46
44
17
2
3
1
1
4
8
17
16
12
44
68
149
207
160
16
172
208
323
122
192
25
451
371
181
511
778
690
547
534
53
157
56
496
784
405
66
599
926
696
710
334
196
529
281
160
23
134
56
66
236
213
67
57
112
216
39
58
149
99
22
67
43
8
7
1
1
2
5
18
21
44
28
91
60
10
87
210
77
172
368
21
466
233
329
172
123
524
708
363
417
113
378
735
393
863
848
442
767
886
422
714
652
123
516
397
155
774
195
561
539
108
475
384
447
309
132
155
123
61
178
44
47
30
4
6
14
11
3
1
1
7
9
31
50
83
73
57
56
202
47
34
152
146
91
188
50
550
555
619
122
602
132
779
396
523
376
969
467
682
677
977
401
86
786
241
390
404
860
600
553
123
128
310
533
411
98
145
263
142
173
41
115
133
61
110
24
10
37
3
8
3
1
1
1
6
35
52
4
100
139
17
82
24
179
212
71
349
459
456
300
522
218
747
391
592
812
102
197
216
546
48
198
987
640
605
220
810
417
565
23
298
576
296
583
424
197
575
391
273
50
78
117
129
48
38
87
67
32
57
39
30
2
2
1
1
1
5
15
44
25
89
87
11
133
114
8
320
295
312
245
469
532
525
444
329
276
111
778
564
163
904
801
262
556
19
349
764
771
262
109
139
193
716
486
722
220
697
591
269
404
394
154
427
363
338
231
72
99
8
38
68
1
6
9
16
4
1
1
3
13
23
6
7
95
4
161
50
240
52
4
3
109
155
168
97
407
56
578
351
100
58
395
123
498
681
401
361
320
100
972
197
249
81
600
195
100
816
656
340
100
559
285
435
264
371
114
189
287
17
235
66
80
52
46
26
5
26
11
5
1
1
6
15
25
49
37
26
126
111
145
104
244
168
60
292
122
223
86
283
562
322
589
526
708
500
2
265
749
710
53
444
773
374
360
883
660
189
138
535
169
153
15
12
455
328
391
144
447
74
271
34
175
115
150
129
50
10
6
8
5
7
3
1
1
3
16
31
49
29
93
12
161
191
117
176
141
191
90
342
357
547
89
425
545
184
331
409
298
763
606
834
649
597
813
219
278
661
111
152
353
877
516
234
158
297
146
632
537
230
511
407
281
44
269
112
83
45
137
5
38
56
38
11
10
1
1
1
7
3
23
28
37
64
111
181
214
255
291
60
290
417
195
208
16
138
89
546
625
295
104
181
209
356
945
49
440
616
503
528
74
456
949
468
23
85
401
258
301
288
323
66
376
447
222
19
30
192
211
52
180
135
50
47
38
16
21
1
1
1
2
5
7
25
60
57
83
121
185
22
150
260
204
89
16
17
147
289
657
275
524
239
532
105
172
241
833
126
321
593
924
921
39
530
499
323
167
500
410
411
4
14
215
363
139
189
473
382
327
330
71
133
128
157
141
86
10
12
32
16
2
1
1
1
9
16
39
17
14
45
120
31
173
115
21
116
318
1
78
522
580
489
546
388
475
73
553
60
596
508
846
775
705
588
322
768
519
193
21
623
805
104
150
764
387
412
185
371
326
215
394
348
56
194
189
23
15
51
18
56
14
13
9
3
1
1
1
13
21
22
64
63
76
71
127
114
7
87
33
269
335
517
495
130
655
426
237
37
811
732
107
197
550
951
515
900
152
956
112
865
741
3
798
311
363
685
127
583
69
159
452
425
277
271
135
181
61
2
192
87
111
5
6
20
1
15
4
1
1
5
7
22
40
22
40
77
22
191
92
67
52
52
163
34
56
39
610
213
53
181
144
777
247
231
633
626
196
333
172
459
112
922
478
234
199
204
705
581
100
394
190
421
626
568
366
49
21
378
253
35
56
188
62
109
52
4
23
3
10
1
1
2
3
8
16
49
78
